Years_of_Experience,Education_Level,Job_Complexity,Work_Hours_Per_Week,Company_Size,Salary (Euros),Buyer_Income (Euros),Job_Satisfaction
38,2,5,45,Medium,130419.0,117125.09,Yes
28,1,5,59,Medium,97704.0,88058.75,Yes
14,2,9,41,Medium,95088.0,92752.97,No
7,3,10,32,Medium,94073.0,101334.01,No
20,3,2,40,Medium,95626.0,107042.73,No
38,1,2,43,Medium,114176.0,99931.21,Yes
18,2,6,47,Medium,83467.0,80790.31,Yes
22,1,9,50,Medium,101888.0,89668.95,Yes
10,1,1,50,Medium,56160.0,48015.55,Yes
10,2,9,34,Small,73978.0,77567.09,No
23,2,9,45,Large,115110.0,118647.89,No
35,2,9,49,Medium,132422.0,119034.9,Yes
39,3,5,34,Large,135221.0,124422.77,Yes
23,1,9,32,Medium,108309.0,92832.98,Yes
2,1,4,41,Medium,44172.0,48610.59,No
21,3,2,30,Small,84882.0,96969.81,No
1,2,6,50,Small,53632.0,47766.69,Yes
23,3,4,58,Large,105795.0,97272.43,Yes
29,3,6,38,Small,117607.0,130605.26,No
37,3,3,58,Small,111358.0,125605.05,No
1,1,6,38,Large,64894.0,63329.29,Yes
20,3,2,33,Small,82039.0,70979.06,Yes
32,1,2,32,Medium,93250.0,80364.49,Yes
11,1,9,46,Large,85041.0,86927.63,No
21,1,7,31,Large,105581.0,102188.53,Yes
24,2,3,53,Medium,93538.0,80311.33,Yes
26,1,1,30,Small,74887.0,76757.36,No
27,1,8,37,Large,113476.0,96839.37,Yes
15,2,6,42,Large,88262.0,95871.21,No
14,1,7,52,Medium,74038.0,69738.6,No
2,3,9,44,Medium,73096.0,63014.41,Yes
36,3,5,37,Small,124126.0,127416.04,No
6,1,1,41,Large,56080.0,54358.64,Yes
20,2,10,51,Small,92827.0,106021.44,No
8,3,7,41,Small,80773.0,81844.02,No
38,2,5,43,Medium,131111.0,122270.42,Yes
17,2,3,44,Large,95169.0,101148.63,No
3,3,9,44,Large,82132.0,76501.65,Yes
24,2,1,38,Large,90917.0,101942.78,No
13,3,1,48,Medium,71439.0,68754.08,Yes
8,2,1,55,Medium,60745.0,61653.78,Yes
25,3,3,49,Medium,108732.0,94071.87,Yes
1,1,6,58,Medium,56029.0,54787.19,Yes
19,3,10,51,Medium,115226.0,126715.08,No
27,3,3,37,Large,109483.0,119522.0,No
6,3,8,50,Small,77970.0,71521.54,Yes
7,3,10,48,Large,101124.0,92814.01,Yes
34,2,2,35,Small,98161.0,107505.1,No
13,1,9,49,Medium,79126.0,89342.71,No
16,3,3,54,Small,85178.0,74838.1,Yes
35,2,5,58,Large,125337.0,123459.15,No
39,1,10,48,Large,146233.0,139102.14,Yes
3,1,8,33,Small,55431.0,61595.29,No
1,1,2,52,Medium,51606.0,45158.22,Yes
5,1,6,36,Medium,63290.0,57805.15,Yes
3,3,5,57,Large,77416.0,83279.53,No
28,3,10,57,Small,119531.0,103440.71,Yes
17,2,9,33,Medium,92816.0,92608.15,Yes
25,2,5,51,Medium,96914.0,95230.81,No
33,2,2,41,Large,108848.0,103440.47,Yes
9,1,5,42,Medium,59270.0,57395.39,Yes
35,1,4,32,Small,111870.0,112874.84,No
13,3,7,51,Large,92804.0,83376.06,Yes
30,1,6,41,Large,119288.0,121864.47,No
14,1,2,31,Small,66693.0,72804.06,No
7,1,5,53,Large,64605.0,69647.31,No
13,2,7,31,Medium,77817.0,69737.26,Yes
22,2,7,56,Medium,103166.0,92310.34,Yes
39,3,5,52,Small,130820.0,121721.77,Yes
20,1,9,38,Medium,103923.0,99591.74,No
15,1,4,30,Small,66982.0,65142.45,No
17,3,3,37,Small,80527.0,84868.14,No
23,1,4,52,Medium,87736.0,76067.47,Yes
25,1,5,35,Small,82178.0,70706.1,Yes
24,2,6,35,Medium,94815.0,91740.45,Yes
28,3,3,51,Large,119593.0,126666.82,No
14,3,2,54,Large,89141.0,80942.76,Yes
0,3,4,47,Small,57017.0,59437.45,Yes
24,3,5,46,Medium,104786.0,97236.01,Yes
6,2,4,58,Medium,71856.0,80178.78,No
8,2,3,41,Large,77280.0,86453.68,No
23,1,8,35,Large,109069.0,102436.1,Yes
0,1,10,55,Medium,59749.0,54909.22,Yes
7,1,4,56,Small,49105.0,47798.37,Yes
23,1,2,37,Large,95067.0,87666.93,Yes
10,2,2,48,Small,56529.0,59452.41,No
16,3,1,57,Small,67435.0,74031.45,No
7,2,4,39,Large,77792.0,81831.55,No
34,1,10,30,Small,117766.0,129225.24,No
34,2,9,54,Small,119926.0,116220.0,Yes
32,3,7,58,Medium,122262.0,109656.19,Yes
4,3,10,42,Small,67406.0,72217.8,No
38,2,7,46,Medium,126775.0,121468.5,Yes
27,2,7,32,Large,110419.0,116092.47,No
6,2,8,37,Large,74941.0,69784.55,Yes
8,1,1,43,Medium,51527.0,45053.61,Yes
7,2,10,32,Large,87989.0,100991.53,No
11,2,10,45,Small,88301.0,79193.67,Yes
33,2,8,42,Small,111090.0,127367.61,No
32,3,4,49,Small,109923.0,125662.21,No
22,3,4,53,Large,101855.0,110833.05,No
23,1,4,46,Small,82681.0,86635.37,No
36,1,6,42,Large,122013.0,124861.04,No
34,3,7,58,Small,117808.0,130746.91,No
39,3,6,35,Medium,130220.0,121994.24,Yes
21,3,1,46,Large,91157.0,90273.17,Yes
26,2,8,43,Large,118796.0,123050.92,No
34,2,10,46,Small,124336.0,121023.33,Yes
0,3,7,59,Large,69289.0,67781.68,Yes
34,2,6,37,Large,133345.0,126555.79,Yes
36,2,6,40,Medium,119675.0,121981.08,No
13,1,5,49,Medium,73505.0,81235.69,No
2,3,6,57,Small,69497.0,63274.14,Yes
0,3,9,30,Medium,74302.0,83985.77,No
4,2,10,55,Small,69335.0,73268.12,No
25,3,9,36,Small,113615.0,124633.61,No
13,1,10,50,Small,77455.0,78760.68,Yes
38,1,8,50,Large,129282.0,140122.94,No
26,1,10,46,Medium,113213.0,96781.28,Yes
8,3,9,59,Small,86895.0,95194.7,No
14,3,10,39,Medium,99375.0,85665.39,Yes
14,3,8,40,Small,93540.0,104481.75,No
25,3,8,51,Medium,119583.0,137232.11,No
12,3,1,59,Medium,73229.0,68704.93,No
31,1,10,38,Small,108821.0,99363.97,Yes
38,2,5,38,Large,128635.0,138875.5,No
31,1,4,53,Medium,98187.0,90912.12,Yes
3,3,2,34,Large,72315.0,80245.69,No
29,1,8,46,Large,115782.0,101986.9,Yes
36,3,3,38,Small,120755.0,107204.67,Yes
22,3,4,46,Small,93733.0,107206.69,No
38,1,7,53,Small,122017.0,128380.39,No
14,3,10,50,Medium,98066.0,108271.35,No
28,2,9,48,Small,104466.0,98960.52,Yes
35,3,2,56,Small,103975.0,109479.97,No
12,2,3,36,Medium,72312.0,74356.44,No
31,2,4,52,Medium,110946.0,114379.23,Yes
6,3,10,38,Small,72062.0,76008.1,No
21,1,1,36,Small,68347.0,69892.17,No
27,2,7,42,Small,104235.0,102016.74,Yes
1,1,2,40,Small,40194.0,37492.03,Yes
5,2,5,43,Large,77992.0,84276.16,No
27,3,1,48,Large,107482.0,98655.76,Yes
27,3,3,40,Small,97331.0,102947.61,Yes
19,2,2,42,Large,85527.0,78684.83,Yes
29,3,1,43,Medium,102330.0,106177.51,No
10,2,7,42,Large,91884.0,98694.76,No
27,3,5,30,Large,125366.0,114786.89,Yes
24,1,1,37,Small,81166.0,70450.71,Yes
38,3,6,41,Large,134659.0,119751.19,Yes
32,1,5,48,Large,117120.0,120844.31,Yes
0,3,3,41,Large,57757.0,63811.89,No
26,1,7,37,Large,101764.0,87873.12,Yes
12,3,10,37,Medium,102662.0,109873.53,Yes
2,1,9,58,Small,52394.0,49899.81,Yes
38,2,9,50,Small,126674.0,125858.03,No
5,2,9,42,Medium,82660.0,93294.86,No
7,1,2,41,Large,62031.0,58904.11,Yes
26,3,3,58,Medium,97530.0,96515.79,Yes
8,1,7,45,Large,79746.0,68111.44,Yes
36,3,5,30,Medium,128376.0,112262.2,Yes
32,2,2,42,Small,95405.0,88495.53,Yes
23,3,3,55,Small,98601.0,84634.73,Yes
14,2,10,36,Small,85619.0,88993.47,No
31,3,6,57,Large,134515.0,131544.84,Yes
31,3,7,55,Large,135920.0,137883.17,No
23,3,9,34,Medium,111650.0,100752.31,Yes
11,1,1,37,Medium,67927.0,63768.48,Yes
38,1,7,54,Small,122132.0,128134.46,Yes
1,2,8,56,Large,68656.0,78239.75,No
2,2,3,43,Medium,50235.0,43459.56,Yes
36,1,4,52,Large,118753.0,132660.79,No
16,2,10,59,Large,112509.0,115103.95,No
1,1,6,42,Small,48916.0,49854.01,No
1,3,10,44,Small,67834.0,67839.67,No
27,2,7,52,Large,113689.0,99002.45,Yes
22,2,4,46,Large,94146.0,82562.56,Yes
36,1,8,44,Large,137257.0,141412.26,Yes
31,2,5,49,Large,117365.0,111765.23,Yes
32,2,1,47,Small,90194.0,101484.52,No
0,3,4,47,Medium,54411.0,52886.25,Yes
18,2,3,31,Small,71517.0,63863.57,Yes
1,3,9,33,Medium,80413.0,85592.86,No
25,1,8,59,Large,110954.0,104075.52,Yes
31,2,1,30,Medium,104815.0,105615.9,No
5,3,6,33,Small,63145.0,66892.65,Yes
31,1,9,47,Small,117017.0,131068.31,No
3,2,7,34,Large,68675.0,74694.87,No
10,1,4,48,Small,64193.0,67589.34,No
16,2,1,44,Large,89563.0,94389.55,No
37,1,2,57,Small,107451.0,121825.51,No
23,1,5,37,Small,89970.0,84459.09,Yes
4,3,5,49,Large,75328.0,64053.93,Yes
33,1,8,46,Medium,112555.0,104854.7,Yes
5,2,6,30,Small,56970.0,52148.48,Yes
21,2,8,41,Medium,101772.0,106713.07,Yes
10,3,2,55,Small,73997.0,76965.28,Yes
15,2,3,48,Small,73732.0,75799.33,No
32,2,6,44,Small,115719.0,98925.05,Yes
8,2,10,38,Small,77175.0,82471.78,No
5,1,3,36,Medium,51915.0,49166.57,Yes
15,1,6,31,Medium,76331.0,80110.67,No
28,2,6,58,Small,104695.0,106472.04,No
2,3,2,38,Small,45542.0,43393.3,Yes
19,1,7,39,Medium,94347.0,84004.01,Yes
35,3,2,31,Large,123026.0,108056.89,Yes
18,2,6,48,Large,98701.0,108517.36,No
25,2,1,40,Medium,83691.0,94195.83,No
2,1,3,42,Small,43195.0,45136.03,No
18,2,2,39,Small,79804.0,70309.74,Yes
19,1,7,43,Large,89561.0,86928.64,No
31,2,4,47,Large,115511.0,123444.5,No
6,2,8,48,Medium,76075.0,82461.21,No
32,1,6,51,Large,110249.0,97621.7,Yes
39,1,10,38,Medium,129334.0,109935.09,Yes
38,1,4,54,Large,127203.0,135298.34,No
17,2,5,36,Large,101508.0,97141.01,Yes
39,2,9,57,Large,143287.0,132733.11,Yes
0,3,7,32,Small,61328.0,52366.09,Yes
10,1,10,49,Small,67036.0,67846.45,Yes
27,2,9,35,Small,104231.0,115211.24,No
24,2,7,56,Large,105848.0,120379.82,No
22,1,1,50,Medium,84157.0,85816.87,Yes
30,3,8,31,Medium,127349.0,127901.49,No
29,1,4,58,Medium,103979.0,91035.37,Yes
34,3,3,35,Medium,122186.0,123977.47,Yes
6,2,7,32,Small,62757.0,60497.35,Yes
15,3,3,45,Small,75579.0,78008.15,Yes
25,2,8,59,Large,120453.0,116432.03,No
1,1,6,37,Large,56230.0,51849.11,Yes
0,1,5,31,Medium,44379.0,38986.49,Yes
11,1,4,46,Small,64958.0,61351.24,Yes
4,3,8,38,Medium,84935.0,74657.31,Yes
36,2,8,59,Large,143630.0,129707.81,Yes
31,1,1,41,Large,110425.0,126569.23,No
8,1,9,32,Medium,78805.0,77483.52,Yes
34,2,5,40,Large,129018.0,130251.61,Yes
18,1,4,30,Medium,79942.0,88902.34,No
15,2,6,52,Small,83298.0,95681.97,No
2,2,6,42,Medium,56611.0,58015.76,No
19,2,2,44,Small,71573.0,78282.41,No
23,2,8,55,Small,100735.0,95505.07,Yes
32,2,7,34,Large,125457.0,118145.77,No
23,3,1,50,Large,103592.0,100568.27,Yes
10,1,5,59,Large,82027.0,86272.08,No
7,3,6,46,Medium,82373.0,86875.3,Yes
35,1,4,54,Medium,104289.0,98508.45,No
37,3,2,52,Large,122047.0,108617.31,Yes
39,2,4,53,Medium,119399.0,124141.39,No
19,1,1,54,Large,80081.0,71151.79,Yes
34,1,7,35,Medium,118835.0,121633.3,No
24,3,2,57,Small,90722.0,95986.29,No
34,3,2,50,Small,107259.0,113714.22,No
24,1,9,51,Large,105883.0,113934.52,No
28,3,5,40,Medium,119039.0,132354.44,No
17,3,2,47,Medium,91357.0,91355.88,No
17,3,9,33,Small,93562.0,100024.77,No
1,2,9,32,Small,56516.0,58536.55,Yes
34,2,1,42,Large,109836.0,99510.54,Yes
15,3,3,52,Small,72818.0,62456.5,Yes
35,3,4,38,Large,124782.0,116716.39,Yes
32,2,7,50,Small,113282.0,111346.02,Yes
3,2,10,35,Small,67057.0,69412.83,Yes
32,1,4,55,Medium,102520.0,113283.35,No
13,1,2,59,Small,65150.0,59213.12,Yes
20,2,7,57,Small,92845.0,82415.25,Yes
19,3,6,41,Large,104524.0,119057.43,No
7,3,3,31,Small,61427.0,54204.01,Yes
6,3,6,32,Large,83217.0,82680.03,Yes
2,3,6,32,Small,54376.0,55771.78,No
16,1,5,57,Small,75329.0,76264.01,No
32,2,4,41,Large,115808.0,101425.76,Yes
11,3,10,44,Medium,87487.0,75860.68,Yes
21,1,1,38,Large,77829.0,68617.55,Yes
21,3,10,52,Large,123434.0,126603.33,Yes
29,2,6,37,Large,115267.0,116800.45,Yes
37,1,2,40,Medium,114823.0,105651.2,Yes
37,2,3,45,Small,111180.0,115775.32,No
7,2,8,55,Large,81118.0,88906.97,No
26,1,10,56,Large,110953.0,95694.04,Yes
26,1,6,54,Medium,101286.0,101229.18,No
33,1,3,51,Large,109994.0,116240.9,No
20,1,7,33,Small,83474.0,77271.35,Yes
29,1,4,57,Medium,101918.0,96040.52,Yes
32,1,9,30,Small,107874.0,111551.57,No
27,1,5,53,Small,91792.0,102750.18,No
32,3,3,36,Medium,118188.0,129176.8,No
4,2,2,31,Large,58303.0,59757.02,No
18,1,2,53,Small,62840.0,67180.14,Yes
3,3,3,57,Small,52035.0,49924.81,Yes
34,3,2,34,Small,116195.0,121108.85,No
16,3,4,36,Small,89377.0,88470.22,Yes
27,2,2,33,Medium,101594.0,92143.81,Yes
29,1,10,34,Medium,114324.0,121243.06,No
28,3,9,53,Small,113101.0,115016.86,No
5,2,2,30,Large,57844.0,55390.63,Yes
34,2,9,30,Small,126731.0,142369.83,No
36,2,6,44,Large,137336.0,117598.1,Yes
23,3,1,49,Small,79346.0,74960.7,Yes
28,1,4,48,Large,101315.0,87846.63,Yes
30,3,1,58,Small,107287.0,115865.47,No
34,3,6,39,Large,128309.0,136088.66,Yes
32,1,4,57,Small,91834.0,87187.72,Yes
20,1,3,47,Small,73087.0,76938.6,No
31,1,3,57,Large,113938.0,110380.99,Yes
22,2,9,32,Medium,113196.0,121898.07,No
32,1,6,40,Large,109826.0,108316.45,No
2,3,9,44,Medium,72243.0,70341.85,No
17,1,5,56,Small,73285.0,82842.75,No
24,3,2,59,Large,108351.0,100253.25,Yes
30,2,8,40,Large,122558.0,108602.84,Yes
2,3,5,46,Large,75122.0,77027.31,No
39,3,2,46,Medium,129171.0,147357.83,No
23,1,4,35,Medium,81586.0,78596.02,Yes
31,1,9,34,Small,115980.0,100741.51,Yes
21,3,4,37,Medium,104359.0,99328.02,Yes
22,1,4,31,Medium,90669.0,90830.35,Yes
1,2,2,45,Small,38335.0,34446.95,Yes
26,2,6,49,Large,106732.0,111794.37,No
1,1,2,53,Large,54916.0,63116.32,No
25,2,7,41,Small,100540.0,99084.37,Yes
16,1,3,35,Large,75332.0,72048.92,Yes
39,3,3,30,Medium,120952.0,117348.99,No
32,3,5,33,Small,110609.0,97838.51,Yes
8,2,3,46,Small,55974.0,62410.01,No
38,1,2,42,Small,110300.0,107481.58,Yes
28,1,10,47,Large,125704.0,121452.98,Yes
25,2,9,34,Small,111023.0,116341.79,No
34,3,2,59,Small,103081.0,101288.42,Yes
24,2,2,53,Small,77469.0,80914.05,No
23,3,8,53,Large,112030.0,97290.65,Yes
12,1,9,56,Medium,78505.0,85893.66,No
6,3,7,32,Small,74695.0,84566.03,No
35,2,3,40,Medium,112639.0,117666.04,Yes
19,1,9,42,Large,95274.0,108266.49,No
0,2,3,33,Large,63883.0,57202.74,Yes
7,2,5,55,Large,79184.0,78647.52,No
15,3,9,56,Large,100195.0,103255.16,No
13,2,3,43,Medium,70158.0,71878.34,Yes
11,3,7,51,Small,87121.0,84545.58,Yes
22,1,1,40,Large,82362.0,78361.29,Yes
14,3,4,56,Large,85645.0,76056.8,Yes
27,1,4,39,Medium,94863.0,91782.11,Yes
33,3,7,48,Medium,127311.0,114426.9,Yes
1,2,8,47,Large,64852.0,69411.72,No
31,3,1,35,Small,103249.0,94230.13,Yes
22,3,5,56,Small,92670.0,80397.67,Yes
21,1,7,58,Large,99879.0,101448.08,No
24,2,4,44,Medium,90866.0,93461.94,No
21,3,4,50,Large,110348.0,122659.96,No
21,2,4,59,Large,97701.0,99957.35,Yes
5,3,6,39,Medium,68785.0,65596.42,Yes
14,3,7,34,Large,92419.0,100820.22,No
36,2,2,55,Large,121397.0,122863.92,Yes
32,3,5,58,Large,134043.0,117124.64,Yes
7,2,4,34,Medium,73956.0,75417.01,Yes
4,3,3,39,Small,64457.0,72346.9,No
38,1,7,57,Small,115755.0,112154.3,No
3,2,6,34,Medium,58694.0,55107.66,Yes
5,3,7,32,Small,69763.0,62301.21,Yes
31,3,5,52,Large,131441.0,117696.7,Yes
29,1,6,35,Small,104720.0,102607.95,Yes
34,2,5,33,Large,126945.0,130588.82,Yes
39,3,7,47,Small,132121.0,115498.15,Yes
15,1,2,57,Medium,71759.0,81221.9,No
12,3,5,38,Small,80974.0,87171.76,No
29,2,6,46,Small,107345.0,110134.59,No
18,3,6,58,Small,86882.0,95442.62,No
16,3,5,42,Medium,97379.0,85114.7,Yes
18,3,10,56,Small,93098.0,92451.12,Yes
27,3,7,44,Medium,115343.0,119844.6,No
25,1,10,59,Large,120488.0,132367.62,No
36,1,8,49,Small,116818.0,126752.3,No
25,2,7,46,Medium,104418.0,97434.61,Yes
22,1,5,42,Medium,82448.0,93352.91,No
8,1,1,45,Small,45274.0,40171.79,Yes
11,2,5,51,Large,87400.0,97236.0,No
0,1,10,33,Medium,62869.0,71751.26,No
0,1,2,34,Small,28307.0,25565.36,Yes
33,2,5,34,Large,118316.0,126198.19,No
31,2,5,38,Medium,117738.0,101500.24,Yes
24,2,2,46,Medium,98448.0,95654.72,Yes
39,3,5,42,Large,142226.0,142920.77,No
0,3,4,31,Large,72053.0,73796.22,Yes
15,2,1,42,Small,63320.0,71601.06,No
38,2,3,51,Small,115901.0,121890.21,No
4,2,1,50,Medium,59607.0,59272.21,No
21,3,5,56,Large,102858.0,112413.77,No
28,3,4,52,Large,113878.0,129269.73,No
2,1,7,48,Large,69769.0,59765.51,Yes
11,1,5,32,Medium,68831.0,78794.73,No
25,2,10,39,Large,117620.0,103016.26,Yes
15,3,4,31,Large,101916.0,111528.31,No
36,3,2,42,Medium,122678.0,114593.57,Yes
21,3,4,48,Small,85785.0,76318.96,Yes
28,2,2,55,Small,100385.0,98573.72,Yes
13,1,8,46,Medium,81512.0,85032.26,No
27,2,3,50,Large,107567.0,103725.3,No
4,1,9,43,Medium,62247.0,53928.91,Yes
29,1,4,41,Small,96156.0,99025.14,No
4,2,6,50,Small,51536.0,57757.48,No
11,1,10,41,Medium,84965.0,81988.22,No
15,1,5,40,Medium,72479.0,66311.03,Yes
25,3,10,36,Small,117768.0,115739.23,No
25,1,1,33,Medium,81468.0,70429.8,Yes
20,2,9,48,Small,88410.0,96910.29,No
38,2,1,30,Medium,108896.0,119557.16,No
35,1,8,57,Medium,128632.0,132027.9,No
32,3,9,53,Medium,125229.0,119710.27,Yes
29,3,9,58,Small,115147.0,125502.75,No
36,1,1,32,Medium,103429.0,105125.87,Yes
22,1,2,42,Small,73450.0,80631.92,No
9,2,1,44,Small,51904.0,53950.97,No
4,1,10,31,Medium,69646.0,75588.31,No
35,3,2,40,Medium,121949.0,125554.9,No
33,1,10,33,Small,115919.0,112933.2,Yes
30,2,8,48,Small,112991.0,128514.13,No
9,2,5,58,Large,72014.0,72902.23,No
18,2,7,46,Small,90637.0,93494.5,No
31,2,2,32,Large,104934.0,96134.89,Yes
0,2,8,57,Large,73938.0,76725.11,No
4,1,6,47,Large,64076.0,65452.5,No
3,1,8,37,Medium,63502.0,57497.98,Yes
15,1,1,51,Medium,75088.0,65167.08,Yes
23,1,1,54,Small,76612.0,79010.55,Yes
15,2,7,53,Large,95847.0,103429.23,No
1,3,8,55,Medium,69392.0,69879.16,No
27,1,3,48,Medium,87824.0,80625.22,Yes
31,3,5,34,Medium,113643.0,119320.22,No
26,1,1,36,Medium,80186.0,70085.11,Yes
19,1,7,50,Medium,92965.0,91342.77,Yes
23,3,5,37,Large,113897.0,102394.55,Yes
11,2,8,57,Large,83521.0,75614.71,Yes
34,1,8,34,Large,125878.0,114635.61,Yes
32,1,9,46,Large,126204.0,121914.59,Yes
32,1,7,34,Small,101457.0,87795.31,Yes
36,3,1,33,Large,117170.0,113577.34,No
11,2,3,51,Medium,75600.0,75865.52,No
2,3,8,48,Large,79351.0,78953.32,No
0,3,3,56,Small,42997.0,41485.02,Yes
32,2,8,50,Medium,115356.0,127092.78,No
39,3,1,31,Large,136273.0,121773.28,Yes
9,2,5,40,Large,72817.0,72941.45,Yes
28,1,4,51,Large,109001.0,94679.62,Yes
12,2,5,42,Medium,72928.0,63545.57,Yes
11,1,8,44,Medium,83282.0,85127.51,Yes
30,3,10,41,Small,128292.0,130832.89,Yes
1,3,4,51,Medium,68741.0,76536.92,No
34,1,4,50,Medium,116196.0,118213.41,No
22,3,3,51,Large,97747.0,111229.96,No
16,2,7,40,Medium,96178.0,83156.31,Yes
25,1,3,36,Large,96492.0,84855.29,Yes
7,3,3,57,Large,80275.0,69294.97,Yes
28,1,10,34,Medium,119178.0,107925.58,Yes
25,2,5,46,Small,93271.0,94425.79,No
9,2,5,53,Small,57842.0,60368.06,No
25,3,6,49,Medium,115512.0,99764.89,Yes
33,2,8,38,Small,123939.0,140520.96,No
6,1,10,43,Large,75561.0,83317.31,No
3,2,6,55,Large,66835.0,62756.98,Yes
10,1,1,41,Medium,57122.0,49876.43,Yes
28,1,8,35,Small,106252.0,95729.45,Yes
35,2,8,46,Small,126806.0,112614.29,Yes
24,3,9,48,Large,125323.0,111159.64,Yes
20,2,9,48,Medium,108503.0,109107.2,No
35,1,2,55,Small,98069.0,90591.65,Yes
9,1,2,45,Medium,55712.0,53341.0,Yes
36,2,3,41,Small,103148.0,118295.45,No
8,3,1,41,Large,80543.0,84996.57,No
23,3,4,49,Large,103096.0,116982.43,No
34,1,4,35,Medium,102917.0,91880.9,Yes
34,1,9,52,Large,134378.0,129626.64,Yes
35,3,9,55,Small,123572.0,125601.0,No
17,2,9,33,Large,105359.0,91981.3,Yes
38,1,10,35,Medium,126186.0,107416.62,Yes
31,1,7,40,Medium,117454.0,123459.46,No
23,3,2,30,Medium,101809.0,106140.55,Yes
22,2,10,59,Small,97391.0,94784.49,Yes
31,3,5,53,Small,112780.0,112429.62,Yes
36,2,4,52,Small,107671.0,104939.7,Yes
11,2,8,44,Small,70606.0,60523.57,Yes
12,2,2,56,Small,70075.0,66614.1,Yes
22,1,6,40,Large,93104.0,84084.52,Yes
24,3,5,54,Small,94008.0,82682.6,Yes
34,3,2,48,Small,108317.0,123158.18,No
29,2,10,47,Large,133504.0,137483.48,No
16,1,1,46,Small,59348.0,63419.09,No
19,1,8,48,Medium,95343.0,90061.87,Yes
24,3,2,50,Small,91463.0,88531.07,Yes
21,1,7,43,Small,79990.0,73676.97,Yes
12,1,9,56,Medium,89649.0,78809.51,Yes
18,2,9,47,Medium,104479.0,94418.66,Yes
35,1,8,57,Medium,122536.0,133472.85,No
11,2,10,48,Medium,95242.0,100314.95,No
18,3,9,44,Small,93203.0,94515.17,Yes
11,1,2,44,Medium,57913.0,57480.21,No
8,3,6,33,Medium,80474.0,90672.49,No
6,3,4,36,Large,82226.0,71686.31,Yes
27,1,4,42,Medium,99454.0,92907.96,Yes
13,1,5,32,Medium,73750.0,70429.88,Yes
30,3,3,45,Large,125698.0,136348.11,No
18,1,1,38,Large,78316.0,89887.53,No
15,2,8,37,Small,77504.0,71474.28,Yes
4,2,5,49,Large,73355.0,81592.19,No
34,1,3,42,Small,102445.0,112606.19,No
11,3,10,46,Large,102724.0,94238.71,Yes
24,1,7,46,Large,107640.0,104389.25,No
20,1,7,46,Small,80424.0,78244.66,Yes
35,3,1,30,Large,123115.0,140777.84,No
22,3,9,37,Small,108770.0,98357.18,Yes
15,2,2,48,Large,84783.0,92392.05,No
38,3,5,35,Medium,127385.0,121048.59,Yes
38,2,5,32,Large,136529.0,145985.15,No
13,3,8,56,Small,91633.0,89434.11,Yes
30,1,8,34,Large,123901.0,126813.66,Yes
4,2,7,42,Small,61800.0,67966.62,No
34,2,7,44,Small,116384.0,127004.0,No
22,2,6,43,Medium,90791.0,100771.38,No
28,1,6,58,Medium,104090.0,90338.17,Yes
10,1,9,52,Small,68417.0,72358.86,No
17,1,6,45,Large,88431.0,78880.12,Yes
11,1,2,47,Small,57248.0,55802.23,No
8,1,2,51,Small,52560.0,53326.14,No
9,2,5,58,Large,76022.0,73803.82,No
16,1,4,51,Large,89482.0,90008.47,Yes
37,2,2,40,Large,124978.0,143594.46,No
6,1,3,32,Large,62299.0,55481.32,Yes
12,3,7,51,Small,83108.0,87482.54,No
39,2,8,39,Small,130612.0,126536.94,Yes
8,3,6,39,Medium,78682.0,70019.34,Yes
26,2,5,59,Small,97965.0,87935.44,Yes
1,3,1,50,Large,62578.0,71012.38,No
4,1,8,45,Medium,69591.0,77516.05,No
28,1,3,41,Large,96774.0,108591.32,No
36,1,6,31,Small,111862.0,128357.15,No
37,2,3,38,Medium,114863.0,104811.87,Yes
18,3,7,53,Large,109134.0,104401.05,Yes
7,1,7,32,Medium,68564.0,72044.7,Yes
0,3,9,53,Medium,73721.0,73362.77,Yes
21,3,5,59,Small,96710.0,94342.24,Yes
16,1,8,54,Large,100319.0,96039.73,Yes
6,1,10,59,Medium,78061.0,80257.18,No
24,3,10,44,Medium,111251.0,113773.95,Yes
3,1,8,32,Large,74625.0,67045.89,Yes
35,1,1,48,Medium,105265.0,104372.56,Yes
5,1,5,47,Medium,62882.0,63890.72,No
30,2,3,37,Medium,110080.0,112401.16,No
18,3,1,55,Large,91438.0,83485.83,Yes
38,3,4,46,Large,134811.0,144609.25,No
26,2,8,37,Large,125739.0,107828.7,Yes
9,3,3,36,Large,84689.0,81000.76,Yes
25,1,10,59,Small,104481.0,113264.07,No
18,3,2,36,Medium,85720.0,87363.07,No
38,1,9,32,Large,143558.0,133271.89,Yes
2,2,10,30,Medium,76539.0,81015.46,No
12,1,5,33,Medium,66205.0,67543.49,No
27,3,7,54,Small,114680.0,124871.97,No
19,3,2,34,Large,88507.0,94747.41,No
27,3,9,30,Large,127837.0,132059.76,No
7,2,9,44,Medium,74459.0,74194.92,No
38,2,4,34,Large,134664.0,119844.85,Yes
0,3,4,42,Medium,55176.0,51225.39,Yes
2,1,6,37,Medium,49851.0,48641.11,Yes
12,2,10,37,Small,80966.0,83377.96,No
27,3,10,34,Small,119539.0,120030.59,Yes
24,3,10,57,Small,104717.0,98062.8,Yes
32,2,6,38,Medium,114826.0,97824.78,Yes
37,2,1,30,Large,117405.0,117272.54,Yes
5,2,9,33,Small,75087.0,70257.99,Yes
31,1,2,32,Large,107370.0,114926.97,No
20,1,5,31,Small,77369.0,66319.46,Yes
15,3,9,37,Small,92539.0,94893.96,Yes
20,2,4,52,Medium,96007.0,108722.39,No
10,1,3,38,Small,62830.0,56692.94,Yes
36,2,7,31,Small,116191.0,115202.78,No
35,3,6,43,Medium,124992.0,109671.31,Yes
34,1,8,43,Large,120161.0,124691.62,No
18,1,3,33,Small,75397.0,76539.98,Yes
19,1,5,59,Medium,79563.0,77351.92,No
17,3,10,35,Small,101448.0,102098.6,No
13,2,4,40,Medium,80086.0,89614.02,No
14,1,4,32,Large,78803.0,71623.12,Yes
30,3,4,37,Large,126255.0,108171.41,Yes
0,2,10,32,Medium,65567.0,72680.98,No
2,3,8,43,Medium,72113.0,73781.34,No
15,2,6,57,Medium,93235.0,104161.91,No
22,3,3,42,Large,100105.0,103016.41,No
10,2,10,42,Small,83755.0,91548.26,No
11,1,5,31,Large,78414.0,76759.62,Yes
9,2,6,42,Medium,79624.0,85592.45,No
31,3,5,58,Medium,122954.0,138189.53,No
15,3,6,48,Large,102151.0,104361.23,No
7,2,8,56,Medium,68783.0,62196.03,Yes
37,1,7,35,Large,128855.0,119917.53,Yes
11,1,5,45,Medium,65658.0,59722.08,Yes
23,2,10,31,Small,102015.0,94267.69,Yes
27,2,6,37,Small,102190.0,96255.28,Yes
7,3,4,46,Medium,71397.0,72577.92,Yes
27,1,9,52,Large,119088.0,122231.62,Yes
35,2,4,31,Small,110728.0,108286.44,Yes
25,1,1,39,Large,92178.0,95369.78,No
7,2,7,57,Medium,81237.0,71039.52,Yes
27,2,7,45,Large,114798.0,100601.67,Yes
27,1,4,35,Small,82873.0,74714.06,Yes
36,2,3,57,Large,126459.0,127144.82,No
35,2,8,31,Large,132653.0,121271.16,Yes
26,3,5,31,Medium,116265.0,108706.07,Yes
16,2,10,55,Medium,101041.0,98019.25,Yes
8,2,7,42,Medium,68996.0,75451.25,No
32,2,4,53,Small,106097.0,90623.67,Yes
19,3,4,44,Small,88307.0,92264.36,Yes
12,1,8,57,Medium,87319.0,91742.84,No
27,3,8,31,Medium,121873.0,132792.42,No
28,3,2,36,Small,105970.0,119727.65,No
12,1,2,32,Small,57602.0,49309.69,Yes
34,3,3,37,Small,107947.0,96735.1,Yes
5,1,3,52,Small,48720.0,54364.28,No
17,3,1,43,Medium,80414.0,79413.29,No
4,1,3,53,Small,47869.0,48796.57,No
24,2,6,59,Medium,97554.0,102325.19,Yes
1,3,8,52,Large,81503.0,85881.34,No
9,3,10,56,Large,105672.0,119358.86,No
29,3,6,51,Small,102470.0,117746.72,No
4,3,5,58,Large,69886.0,74501.78,No
32,2,4,36,Large,123347.0,115473.31,No
0,3,3,50,Large,68892.0,76740.57,No
17,2,4,36,Small,81556.0,70526.88,Yes
31,2,7,30,Small,118215.0,108677.92,Yes
10,2,1,46,Large,79141.0,88575.85,No
20,2,7,38,Medium,103498.0,95927.89,Yes
25,1,1,59,Large,90805.0,83195.12,Yes
24,1,2,50,Small,73598.0,65608.02,Yes
21,3,4,42,Small,95521.0,105811.81,No
26,1,1,50,Small,79295.0,79296.39,No
12,1,9,48,Large,93527.0,98434.17,Yes
32,3,6,50,Medium,128382.0,118332.25,Yes
33,3,1,48,Small,104199.0,112265.27,No
34,3,1,54,Small,102882.0,110906.97,No
0,1,6,54,Large,61903.0,58422.78,Yes
20,1,4,51,Medium,78230.0,76133.81,Yes
5,3,4,46,Large,74511.0,68021.62,Yes
27,2,6,52,Small,92728.0,105985.17,No
16,3,7,52,Medium,97761.0,102031.28,No
4,2,9,59,Medium,69372.0,78415.55,No
30,2,10,39,Small,117793.0,110845.06,Yes
4,3,5,39,Medium,66465.0,72085.76,No
37,3,9,33,Medium,135070.0,145842.86,No
2,3,4,37,Large,70145.0,74178.11,No
22,1,10,51,Small,100036.0,114010.2,No
36,2,2,49,Small,112072.0,108493.16,Yes
36,1,3,49,Small,108439.0,96425.61,Yes
9,1,1,47,Small,47252.0,49686.08,No
9,3,6,43,Small,66827.0,71424.23,No
18,1,6,47,Medium,89389.0,91401.88,Yes
16,3,1,57,Large,94080.0,85805.23,Yes
20,2,3,43,Small,79089.0,79194.72,Yes
13,3,5,49,Large,86944.0,82045.31,No
8,1,3,50,Large,70644.0,69106.78,Yes
0,1,10,53,Medium,68171.0,71140.91,No
12,3,3,44,Small,66441.0,71328.69,No
3,3,10,51,Medium,78284.0,71995.24,Yes
0,1,3,59,Small,41906.0,40715.77,Yes
39,2,5,33,Medium,126885.0,118098.02,Yes
31,2,5,42,Large,111549.0,101463.8,Yes
33,3,4,56,Small,107325.0,116449.36,No
27,2,1,52,Large,99143.0,111315.36,No
30,1,5,37,Large,104474.0,100406.79,Yes
7,3,10,47,Medium,89117.0,95834.97,Yes
38,1,5,41,Small,111092.0,124322.9,No
25,1,4,52,Large,107124.0,118247.46,No
33,2,6,43,Medium,119575.0,108196.72,Yes
2,3,10,31,Small,72680.0,82628.99,No
11,3,4,47,Small,75929.0,73119.85,Yes
0,2,7,53,Large,70809.0,67394.04,Yes
4,1,7,31,Small,50372.0,43759.64,Yes
29,1,2,40,Large,107362.0,106916.67,No
29,1,3,38,Small,89979.0,79424.83,Yes
16,1,1,41,Medium,68831.0,63638.52,Yes
22,3,8,46,Large,118118.0,111631.29,Yes
14,3,9,44,Large,105362.0,115123.57,No
36,2,4,54,Small,105787.0,117703.55,No
20,2,6,46,Small,80090.0,75343.86,Yes
13,3,9,55,Large,103621.0,114771.6,No
1,3,6,58,Small,64748.0,71687.0,No
10,1,9,55,Medium,74559.0,80478.63,No
38,1,4,47,Small,114426.0,102297.82,Yes
37,2,8,51,Medium,125373.0,132531.4,No
33,3,9,35,Medium,137059.0,155357.37,No
37,2,4,46,Medium,122478.0,129185.16,No
33,3,5,52,Medium,122283.0,116105.88,Yes
17,1,8,53,Medium,90778.0,90793.78,Yes
29,2,10,47,Small,118015.0,123174.32,No
14,2,6,37,Medium,83609.0,83874.13,Yes
26,3,7,38,Small,109677.0,97172.27,Yes
33,1,3,35,Medium,101340.0,95626.37,Yes
37,2,7,34,Large,134447.0,146643.87,No
32,1,8,41,Medium,108608.0,120383.87,No
23,2,10,54,Large,113183.0,100867.56,Yes
14,1,6,58,Medium,76846.0,87275.23,No
29,3,10,57,Medium,123498.0,117155.98,Yes
16,2,9,40,Medium,91968.0,96446.3,No
4,2,6,54,Large,69487.0,74736.57,Yes
28,1,9,30,Large,111952.0,122428.9,No
3,1,4,40,Medium,51409.0,58283.66,No
9,2,8,48,Small,76700.0,72395.28,Yes
16,3,4,38,Medium,82516.0,91390.76,No
9,1,2,56,Large,58510.0,52045.0,Yes
16,1,10,31,Medium,98684.0,104754.28,No
19,1,9,41,Large,108091.0,115937.68,No
23,2,5,33,Large,101438.0,106846.37,Yes
4,2,4,33,Large,61460.0,56893.18,Yes
33,2,2,47,Medium,113557.0,126265.5,No
5,2,1,44,Large,58432.0,52627.22,Yes
1,3,7,48,Large,79760.0,69079.37,Yes
12,3,6,42,Medium,79184.0,84349.92,No
10,2,2,48,Large,79882.0,79294.29,Yes
22,3,8,46,Medium,112591.0,124382.59,No
15,1,4,35,Large,87825.0,84752.81,Yes
30,1,8,45,Small,104616.0,94204.99,Yes
10,1,7,53,Small,67051.0,73818.64,No
15,2,5,41,Large,96511.0,97927.1,No
7,1,10,48,Small,63466.0,57548.35,Yes
3,3,10,34,Medium,86765.0,92501.49,No
39,2,8,46,Small,125098.0,125515.09,Yes
3,3,9,55,Large,78911.0,81380.43,Yes
24,1,5,52,Large,98951.0,97790.26,No
2,1,10,55,Medium,63539.0,69804.75,No
31,1,5,58,Large,109306.0,120112.95,No
2,2,2,30,Medium,46225.0,49128.7,No
26,3,5,57,Small,105256.0,92795.84,Yes
28,2,3,56,Small,87790.0,96714.39,No
31,2,7,54,Medium,123579.0,129919.08,Yes
18,1,10,53,Medium,93478.0,99003.23,No
20,2,5,52,Large,104747.0,100441.36,No
4,2,8,39,Small,69956.0,77915.86,No
17,1,1,44,Medium,70136.0,74878.0,No
27,2,3,52,Small,98849.0,87360.49,Yes
21,1,3,50,Medium,84223.0,81892.84,No
20,1,9,50,Small,85461.0,95367.14,No
5,1,5,40,Large,71393.0,61694.9,Yes
0,1,9,42,Small,48004.0,54648.95,No
4,2,9,34,Small,67506.0,71134.36,No
11,1,1,30,Small,49106.0,51041.4,Yes
25,1,2,53,Small,88033.0,81973.49,Yes
33,2,5,41,Small,107000.0,98936.22,Yes
13,2,4,40,Large,78119.0,88478.94,No
25,3,10,46,Medium,127854.0,120116.5,Yes
26,2,9,33,Small,111261.0,120456.9,No
8,2,7,44,Large,88458.0,85621.73,No
25,3,6,54,Small,101686.0,90681.16,Yes
21,2,7,59,Small,85887.0,73280.04,Yes
29,2,1,38,Medium,97700.0,98997.18,Yes
16,2,1,50,Small,70103.0,80109.06,No
25,2,8,49,Large,108896.0,104620.84,Yes
35,3,2,48,Large,122558.0,117307.33,Yes
0,2,10,48,Medium,69469.0,66219.76,Yes
7,2,9,41,Small,68747.0,69170.7,No
34,3,7,34,Large,137528.0,135079.93,No
14,1,6,39,Small,73550.0,81932.82,No
21,3,1,46,Small,77732.0,77860.74,Yes
13,1,1,34,Small,52804.0,52926.89,Yes
25,3,2,51,Medium,105048.0,93651.5,Yes
27,3,6,45,Small,110054.0,125992.23,No
22,2,6,36,Large,113449.0,104939.4,Yes
13,1,2,57,Small,58237.0,50783.2,Yes
23,2,1,38,Large,88349.0,92673.14,No
1,1,10,32,Small,54300.0,55853.52,Yes
25,3,5,44,Large,111954.0,109104.06,No
13,3,5,45,Large,94324.0,92122.26,Yes
6,1,2,47,Small,42917.0,46587.23,No
2,2,6,43,Small,56469.0,51314.16,Yes
22,2,9,32,Large,115950.0,127090.01,No
17,2,2,41,Medium,73628.0,76913.59,No
37,2,10,38,Small,134119.0,130858.69,Yes
34,3,2,57,Medium,122543.0,121000.01,No
14,3,3,36,Small,74545.0,69102.78,Yes
24,3,7,38,Small,99458.0,106980.44,No
36,3,6,42,Small,120704.0,121170.21,No
27,3,8,47,Small,108224.0,102407.65,Yes
9,2,8,34,Medium,82429.0,84804.19,Yes
38,2,6,42,Small,123241.0,141569.44,No
16,2,10,33,Large,110764.0,108612.82,Yes
38,2,3,31,Large,127748.0,143870.75,No
21,3,3,45,Medium,87465.0,83398.32,Yes
25,3,1,38,Small,95636.0,82860.93,Yes
24,3,7,38,Large,114291.0,104150.26,Yes
16,1,5,35,Medium,71889.0,70135.52,Yes
12,2,4,40,Small,65124.0,59646.45,Yes
19,2,10,51,Large,105021.0,89275.0,Yes
24,3,4,53,Large,114650.0,128923.98,No
3,2,4,51,Medium,57909.0,63883.11,No
9,2,6,30,Small,67893.0,72827.98,No
2,3,8,33,Small,68054.0,61272.04,Yes
17,1,8,42,Large,87671.0,77686.07,Yes
35,1,5,52,Large,124208.0,108095.92,Yes
21,1,6,42,Large,102742.0,109647.16,No
33,3,4,42,Small,107980.0,121870.81,No
7,2,9,31,Medium,79062.0,77414.41,No
39,3,8,38,Medium,132468.0,117332.5,Yes
18,3,10,53,Small,102368.0,102748.59,No
36,2,10,37,Medium,128262.0,122445.26,Yes
5,1,1,36,Large,57960.0,55783.46,Yes
25,1,2,33,Medium,81015.0,83963.88,No
33,3,9,47,Medium,134814.0,143659.88,No
5,1,8,32,Medium,68275.0,60299.19,Yes
36,3,3,57,Large,133593.0,114980.43,Yes
32,3,8,35,Small,125869.0,144535.26,No
21,2,1,41,Large,98205.0,90330.78,Yes
20,2,10,41,Small,97984.0,84868.76,Yes
5,2,4,50,Small,48406.0,43902.43,Yes
5,3,3,57,Small,58884.0,50739.6,Yes
3,2,6,37,Medium,62449.0,60422.11,No
29,1,7,51,Medium,105869.0,115473.49,No
10,1,4,51,Small,58982.0,56172.88,Yes
29,3,7,30,Small,115968.0,114026.12,No
30,3,9,33,Medium,119485.0,125779.0,Yes
23,2,2,50,Large,101195.0,101465.01,No
8,3,3,57,Small,61385.0,68041.2,No
2,3,5,40,Large,74001.0,82127.1,No
30,1,3,32,Medium,94118.0,80280.13,Yes
39,1,8,42,Small,126959.0,137549.14,No
36,2,10,54,Large,145841.0,144123.0,Yes
35,3,8,46,Large,138289.0,158569.38,No
23,3,8,51,Large,120003.0,119399.34,No
30,1,9,51,Medium,113428.0,129996.29,No
5,3,4,39,Medium,66368.0,71436.58,No
1,1,5,50,Large,55921.0,51703.52,Yes
19,2,5,41,Large,99377.0,100521.67,No
27,1,8,44,Medium,112948.0,129623.72,No
10,3,7,50,Large,95642.0,105900.48,No
3,2,9,39,Large,85619.0,75277.09,Yes
14,1,8,43,Medium,88043.0,93493.88,No
5,1,2,42,Large,62126.0,59247.94,No
29,2,10,34,Large,127766.0,108868.73,Yes
37,2,4,35,Large,131906.0,128086.57,No
1,1,6,53,Medium,51470.0,47374.34,Yes
14,3,2,31,Large,86858.0,95166.9,No
10,1,7,51,Medium,80586.0,76653.34,Yes
7,2,3,46,Medium,57103.0,62713.78,No
25,1,3,33,Small,86158.0,73249.76,Yes
4,2,2,43,Small,48704.0,45896.01,Yes
5,2,8,39,Large,74466.0,68683.68,Yes
25,3,6,32,Medium,112130.0,103167.47,Yes
3,2,1,54,Small,38839.0,33807.64,Yes
18,2,1,32,Large,79535.0,72069.63,Yes
19,3,7,44,Small,96590.0,98199.66,No
32,2,8,35,Small,114695.0,107516.05,Yes
19,3,5,46,Medium,94965.0,92611.62,Yes
11,3,5,41,Medium,87019.0,83804.52,No
0,2,4,51,Small,49283.0,54840.72,No
25,2,6,49,Small,90895.0,101946.9,No
13,1,6,53,Medium,82631.0,82456.41,No
37,3,3,58,Large,136728.0,129761.27,Yes
36,1,9,40,Medium,123824.0,109217.75,Yes
10,2,7,54,Small,76932.0,87396.36,No
35,1,1,33,Large,114090.0,99037.89,Yes
12,3,7,55,Small,88798.0,83407.52,No
2,1,5,57,Large,54173.0,50891.19,Yes
32,3,5,55,Small,110284.0,104341.94,Yes
5,2,2,35,Large,59402.0,53419.39,Yes
9,2,4,30,Large,74095.0,80389.25,No
4,3,6,49,Small,64531.0,57222.82,Yes
22,2,10,52,Large,119004.0,123820.33,Yes
9,2,7,57,Medium,81929.0,72683.62,Yes
1,2,5,45,Small,58461.0,50928.93,Yes
12,2,9,44,Medium,89443.0,100429.18,No
39,3,3,46,Small,123337.0,111871.42,Yes
1,1,1,37,Large,43256.0,47424.8,No
19,1,4,57,Large,88223.0,89404.24,Yes
0,2,9,55,Large,78250.0,68340.18,Yes
36,1,4,41,Small,111862.0,127146.2,No
8,1,2,56,Medium,63733.0,58894.92,Yes
16,2,10,51,Medium,93707.0,103817.39,No
8,2,5,50,Small,56707.0,51072.76,Yes
10,1,3,39,Small,56878.0,62917.47,No
14,3,9,56,Medium,103731.0,88583.02,Yes
23,2,4,44,Medium,92227.0,92552.94,Yes
37,3,6,59,Medium,137823.0,148963.62,No
34,1,2,38,Medium,109701.0,124010.25,No
29,2,6,31,Small,109899.0,123390.27,No
30,3,3,34,Small,101024.0,110710.93,No
4,2,9,35,Large,87893.0,98128.79,No
13,1,2,36,Medium,67899.0,61772.2,Yes
10,3,9,50,Large,91784.0,85841.47,Yes
8,1,5,54,Small,55213.0,51717.5,Yes
33,1,8,30,Small,115998.0,111719.55,Yes
11,2,2,52,Large,80858.0,78270.24,No
34,3,6,55,Medium,118957.0,120547.05,Yes
34,1,3,36,Medium,111123.0,99784.45,Yes
0,1,10,49,Medium,59887.0,63322.96,No
39,3,5,54,Medium,128554.0,115733.3,Yes
21,1,8,59,Large,107258.0,101154.22,Yes
28,1,10,41,Large,122798.0,122921.23,No
7,3,1,45,Small,64636.0,70384.22,No
10,3,5,45,Medium,76058.0,81522.07,No
36,3,3,40,Medium,124072.0,129489.02,No
13,3,4,50,Medium,76361.0,68475.35,Yes
29,2,2,33,Large,104047.0,105515.48,No
34,3,9,42,Medium,132426.0,116036.16,Yes
20,2,3,36,Large,90075.0,86761.05,No
36,2,2,33,Medium,114867.0,111886.77,Yes
4,2,10,44,Medium,70618.0,60868.72,Yes
18,1,9,48,Small,82098.0,76531.46,Yes
13,2,7,38,Medium,77901.0,88549.66,No
25,2,6,40,Medium,101244.0,115022.27,No
3,1,1,37,Small,42476.0,40594.23,Yes
24,1,5,30,Large,99819.0,86136.81,Yes
24,1,3,52,Large,91766.0,82931.55,Yes
17,3,1,54,Medium,77945.0,75424.67,Yes
39,1,4,53,Large,126873.0,143916.35,No
7,1,2,37,Medium,59093.0,52732.21,Yes
38,2,2,42,Small,111249.0,120043.76,No
39,1,3,51,Small,115917.0,102308.9,Yes
13,3,8,56,Medium,90716.0,103813.33,No
31,1,8,33,Small,109772.0,105873.44,No
37,3,7,37,Small,119522.0,129390.97,No
32,1,6,32,Medium,109315.0,104152.85,No
22,1,9,58,Medium,103973.0,107955.23,No
14,1,4,38,Small,62466.0,56694.44,Yes
32,1,1,58,Large,104649.0,93535.94,Yes
24,3,8,31,Large,118516.0,134091.28,No
16,3,7,31,Medium,91010.0,102413.02,No
32,2,7,57,Medium,119744.0,133663.12,No
1,3,3,42,Large,68889.0,71481.3,No
13,1,4,44,Small,64469.0,70431.12,No
39,2,10,57,Large,148367.0,129184.79,Yes
39,2,9,52,Large,137357.0,130549.14,Yes
38,2,6,41,Large,128941.0,121734.61,Yes
5,1,5,55,Large,65263.0,67918.79,No
5,3,3,33,Medium,61575.0,58914.18,Yes
2,1,9,55,Medium,59264.0,53014.73,Yes
6,2,5,37,Small,63458.0,65294.48,No
7,1,5,38,Small,50153.0,54883.19,No
14,1,4,52,Small,66679.0,64321.03,Yes
28,3,4,34,Small,101137.0,89979.63,Yes
32,3,1,53,Large,112317.0,102096.88,Yes
29,2,7,49,Medium,117746.0,108472.91,Yes
38,1,9,47,Medium,122347.0,115002.42,Yes
26,1,3,40,Small,83309.0,86877.83,No
35,3,2,44,Small,103607.0,106744.6,No
28,1,3,57,Large,99452.0,105302.16,No
37,1,1,51,Large,107864.0,103414.67,Yes
32,1,6,38,Small,105017.0,115224.58,No
36,3,7,46,Medium,133727.0,121855.56,Yes
26,2,2,56,Medium,97021.0,96119.89,No
32,2,8,55,Medium,116271.0,126768.13,No
3,1,6,41,Small,49919.0,45129.15,Yes
21,2,4,36,Medium,87762.0,77490.24,Yes
1,3,5,39,Large,76034.0,84785.91,No
9,3,8,54,Large,98322.0,93688.96,Yes
4,2,3,55,Small,46877.0,49462.78,No
9,2,3,54,Large,70422.0,60394.23,Yes
32,1,4,39,Small,95506.0,100951.19,No
37,2,1,56,Medium,118812.0,112257.19,Yes
12,1,9,42,Medium,81363.0,70519.12,Yes
30,1,8,48,Medium,117699.0,121576.46,No
35,3,8,40,Large,137054.0,126396.84,Yes
23,3,10,42,Small,111067.0,107295.41,Yes
14,3,6,50,Medium,93288.0,81549.97,Yes
28,3,7,37,Small,103708.0,92730.4,Yes
7,2,6,37,Medium,72770.0,68359.64,Yes
4,3,9,33,Large,89355.0,78357.89,Yes
28,2,3,44,Large,101625.0,114150.07,No
3,3,3,57,Small,63763.0,54314.22,Yes
11,2,3,40,Large,80993.0,80600.84,No
1,1,10,40,Large,75354.0,66837.06,Yes
26,2,3,30,Small,91001.0,85750.58,Yes
30,2,9,46,Medium,113716.0,128250.94,No
35,3,4,44,Large,126051.0,113257.88,Yes
35,2,7,49,Small,111697.0,127306.62,No
25,1,9,35,Large,118691.0,108215.13,Yes
26,1,7,53,Large,104106.0,111650.54,No
4,3,9,51,Large,87670.0,88897.66,Yes
19,1,3,57,Large,79672.0,88861.66,No
10,2,4,54,Small,68002.0,69103.49,No
9,1,8,44,Small,74537.0,75309.78,No
39,3,6,38,Small,125834.0,114337.48,Yes
37,2,5,43,Large,135804.0,122205.78,Yes
5,3,4,47,Large,75483.0,84914.36,No
7,2,8,55,Large,77723.0,73708.72,No
22,1,1,46,Small,73890.0,71054.45,Yes
25,3,9,47,Large,128033.0,138012.8,No
11,3,1,34,Medium,64524.0,61404.07,Yes
25,2,8,49,Large,121841.0,138364.92,No
12,3,4,49,Medium,88048.0,94332.72,No
39,2,9,38,Large,150286.0,154678.68,Yes
17,2,5,40,Small,87692.0,97712.44,No
24,2,3,53,Large,102732.0,88851.03,Yes
32,2,9,51,Medium,117914.0,109320.29,Yes
39,1,9,30,Medium,135701.0,134277.62,No
11,2,4,47,Large,73906.0,67852.62,Yes
35,3,4,35,Medium,115124.0,123547.8,No
3,1,8,56,Medium,58646.0,66021.46,No
4,3,2,31,Small,60580.0,59194.6,Yes
36,1,9,44,Large,139706.0,133089.49,Yes
7,2,6,58,Large,73531.0,83712.49,No
27,1,9,55,Large,121667.0,119654.11,No
30,1,8,50,Medium,118038.0,117650.19,Yes
8,3,7,43,Large,93217.0,89068.37,Yes
28,3,1,34,Large,116516.0,130831.68,No
